Month,Topic,Primary Activity,Expected Outcome
Month 1,Introduction to Information Security,Security awareness presentation and policy review,Employees understand their security responsibilities
Month 2,Phishing and Social Engineering,Interactive workshop and phishing simulation,Employees identify and report phishing emails more effectively
Month 3,Password Security and Multi-Factor Authentication,Password manager demonstration and MFA guidance,Improved authentication practices across the organization
Month 4,Data Classification and Secure Information Handling,Document classification exercises and secure data handling workshop,Better protection of confidential and sensitive information
Month 5,Physical Security and Remote Working,Clean desk policy review and remote work security awareness,Improved physical and remote workplace security
Month 6,Incident Reporting and Security Culture,Incident reporting exercise and security awareness survey,Increased reporting confidence and stronger security culture
